%YAML:1.0
---
K_l: !!opencv-matrix
   rows: 3
   cols: 3
   dt: d
   data: [ 7.6102001074553550e+02, 0., 3.5280810853112837e+02, 0.,
       7.5752048670476620e+02, 2.2188750576144270e+02, 0., 0., 1. ]
D_l: !!opencv-matrix
   rows: 1
   cols: 5
   dt: d
   data: [ 1.5970371121984650e-01, -2.3976223660395626e-01,
       -1.2209849183584181e-02, 1.0670244464514799e-02,
       -7.9762045395546943e-01 ]
K_r: !!opencv-matrix
   rows: 3
   cols: 3
   dt: d
   data: [ 6.0296075216542965e+02, 0., 3.2228067610385108e+02, 0.,
       6.0174015781259789e+02, 2.3050235073541052e+02, 0., 0., 1. ]
D_r: !!opencv-matrix
   rows: 1
   cols: 5
   dt: d
   data: [ 8.9193324763596496e-02, 5.0139583467444637e-01,
       -1.3585968948017918e-02, -1.3016117919012798e-03,
       -3.0984244527185307e+00 ]
R: !!opencv-matrix
   rows: 3
   cols: 3
   dt: d
   data: [ 9.9789535983008748e-01, -4.7666454207317729e-02,
       -4.3963166092558549e-02, 4.7062941860545937e-02,
       9.9878430464178469e-01, -1.4662615887267312e-02,
       4.4608635184357308e-02, 1.2562720427055314e-02,
       9.9892554663621480e-01 ]
T: !!opencv-matrix
   rows: 3
   cols: 1
   dt: d
   data: [ 2.3453455525082387e+02, 1.5665225956138267e+01,
       -1.2172606314968581e+01 ]
