%YAML:1.0
---
K_l: !!opencv-matrix
   rows: 3
   cols: 3
   dt: d
   data: [ 7.2067358990292337e+02, 0., 3.5268121701663432e+02, 0.,
       7.1971304767043432e+02, 2.1660899021325523e+02, 0., 0., 1. ]
D_l: !!opencv-matrix
   rows: 1
   cols: 5
   dt: d
   data: [ 1.2108271588328323e-01, -2.5626453910820596e-01,
       -3.8166761950039585e-03, 5.9282909533519184e-03,
       -1.4904167633662703e-02 ]
K_r: !!opencv-matrix
   rows: 3
   cols: 3
   dt: d
   data: [ 6.3402535723247217e+02, 0., 3.0711402470674523e+02, 0.,
       6.2113714942043885e+02, 2.4999853151886180e+02, 0., 0., 1. ]
D_r: !!opencv-matrix
   rows: 1
   cols: 5
   dt: d
   data: [ 2.1209932089216843e-01, -3.7667787372545919e-01,
       -4.5670122779196696e-03, -1.5931723882928517e-02,
       -9.3876132507374435e-02 ]
R: !!opencv-matrix
   rows: 3
   cols: 3
   dt: d
   data: [ 8.2751904231643725e-01, -5.2789579139499743e-01,
       -1.9114985752319058e-01, 4.7796705442173976e-01,
       8.4102114052558097e-01, -2.5343822931131915e-01,
       2.9455004581750166e-01, 1.1836162645258184e-01,
       9.4827780523030658e-01 ]
T: !!opencv-matrix
   rows: 3
   cols: 1
   dt: d
   data: [ 4.1185216587661370e+02, 6.2178931038231511e+01,
       1.1212182818154228e+02 ]
