%YAML:1.0
---
K_l: !!opencv-matrix
   rows: 3
   cols: 3
   dt: d
   data: [ 7.8637399524528473e+02, 0., 3.3845217342969681e+02, 0.,
       7.7069036034727890e+02, 2.6551448469775744e+02, 0., 0., 1. ]
D_l: !!opencv-matrix
   rows: 1
   cols: 5
   dt: d
   data: [ 1.7375521092711810e-01, -8.4624040802306377e-01,
       -4.8717251768063503e-03, -1.1758793002380717e-03,
       2.6451204943890398e+00 ]
K_r: !!opencv-matrix
   rows: 3
   cols: 3
   dt: d
   data: [ 5.8716920030843312e+02, 0., 3.0071610133091599e+02, 0.,
       5.9215550190930776e+02, 2.1883669569741275e+02, 0., 0., 1. ]
D_r: !!opencv-matrix
   rows: 1
   cols: 5
   dt: d
   data: [ 1.4599469101515595e-02, 4.8205336327442899e-01,
       -6.5384688712846585e-03, -2.2062772178829452e-03,
       -1.6351771196515155e+00 ]
R: !!opencv-matrix
   rows: 3
   cols: 3
   dt: d
   data: [ 8.2299632231487962e-01, -4.5357309100167004e-01,
       -3.4197734512007288e-01, 5.2901232689820266e-01,
       8.3130272793912141e-01, 1.7053366972748896e-01,
       2.0693721619353983e-01, -3.2125881410502322e-01,
       9.2410484411342753e-01 ]
T: !!opencv-matrix
   rows: 3
   cols: 1
   dt: d
   data: [ 3.9595901574971128e+02, 6.6493787042134983e+01,
       -1.1513301718511620e+01 ]
